% clear all;
% clc;
F=[0 0.00210093 0.0438045 0.000180181 1.65194e-005 0.00729843 0.0034919 0.000102419 0.000581225 3.70238e-005 1.06847e-005 4.26145 0.000262915 0.000105518 3.40835e-005 0.000468646 0.00511164 0.000133063 4.75972e-006 1.56256e-005 0.0396249 1.1038e-005 1.3663e-005 3.99852e-006 4.9201e-005 0.00439234 0.000280128 8.16687e-005 3.02989e-005 4.01141e-005 0.00311635 9.7391e-006 6.67614e-006 2.01002e-005 1.35431e-005 0.000216139 1.42055e-005 0.000386532 0.00015356 0.000208328 6.12156e-005 0.00220409 6.58883e-005 6.21478e-005 0.0149356 0.00311963 4.06615e-005 0.00212816 1.5077e-006 0.0055626 ;
0.0184954 0 0.00549247 0.000846868 1.19539e-005 0.0244893 0.000492342 0.000899105 0.00336274 0.000321474 8.40268e-005 0.00604646 0.00660511 2.63837e-005 2.50265e-005 0.00600151 0.000227327 0.000909426 7.07685e-006 4.63169e-005 0.00330736 1.4666e-005 7.77177e-005 2.89038e-006 0.000270588 0.00234261 0.00168832 4.84908e-005 0.000183211 2.24824e-005 0.00413205 1.83886e-005 2.75653e-006 0.00012975 7.40652e-006 0.000886424 9.10557e-005 6.21314e-005 5.70016e-005 5.44645e-005 0.00024702 0.00245885 3.65156e-005 0.000241953 0.000427467 0.00421536 0.000189278 0.000450223 1.74422e-006 0.00399997 ;
0.387459 0.002675 0 0.000220967 3.53125e-005 0.0377108 0.0181849 0.00022249 0.00214975 6.19808e-005 1.82608e-005 0.671273 0.000565095 0.000483688 8.2021e-005 0.000828765 0.00266292 0.00018372 1.17828e-005 3.37587e-005 0.0917101 3.31651e-005 1.93507e-005 9.17526e-006 0.000127741 0.0324097 0.000543358 6.79149e-005 6.11821e-005 0.000132943 0.0281794 2.53176e-005 8.19682e-006 1.64633e-005 2.31923e-005 0.000555992 2.02635e-005 0.000739327 0.00142183 0.000918578 0.000141525 0.0250008 0.000227534 0.00011007 0.0230215 0.016643 0.000103217 0.048505 3.47967e-006 0.00293047 ;
0.000130636 2.24511e-005 1.3843e-005 0 1.04575e-006 0.000110991 7.42824e-006 3.51462e-005 2.46151e-006 0.000101576 3.01152e-005 2.33138e-005 2.13521e-005 5.48839e-007 1.88412e-006 0.000361819 3.03727e-006 0.0099415 8.76131e-007 1.16738e-005 4.90178e-005 1.0161e-006 0.00210535 2.29222e-007 9.80519e-006 4.04175e-005 0.000377344 4.37182e-006 2.90134e-005 9.20162e-007 2.47688e-005 2.04451e-006 1.80261e-007 1.49974e-005 5.84147e-007 5.65397e-005 0.000922023 1.46508e-006 8.37359e-007 1.18319e-006 3.02406e-005 1.1899e-005 1.41793e-006 0.000278264 4.07413e-006 7.67225e-005 1.05762e-005 4.25195e-006 2.17974e-007 0.00016973 ;
9.90613e-006 2.09545e-007 7.32327e-007 4.75279e-007 0 3.61997e-006 2.58277e-006 1.71299e-007 5.54688e-008 7.57088e-008 2.45354e-008 1.41283e-006 1.45572e-007 3.76552e-007 0.000438921 6.34769e-007 3.79817e-007 2.99252e-007 3.48658e-007 1.66332e-007 1.2872e-005 4.67938e-007 3.93707e-008 0.000329422 1.12718e-007 1.28672e-005 8.81496e-007 2.49198e-007 9.19402e-008 3.77351e-006 1.51193e-006 2.41217e-007 1.19607e-007 1.25627e-008 6.8352e-006 8.37778e-007 3.60131e-008 7.83204e-007 2.51978e-007 8.96021e-007 3.05538e-007 7.04312e-007 4.58563e-006 4.02009e-007 5.58142e-007 9.07145e-006 1.29532e-007 7.50209e-007 6.20679e-007 2.49461e-006; 
0.0327921 0.0358305 0.0527617 0.000564776 3.02698e-005 0 0.00202765 0.00204101 0.855036 0.000322453 9.22825e-005 0.0154801 0.0143634 0.000113253 7.2028e-005 0.00615867 0.000403263 0.000637186 2.14716e-005 0.000108919 0.00971227 5.98556e-005 6.25955e-005 7.90065e-006 0.00111829 0.0193786 0.00280033 5.00433e-005 0.000339528 8.79772e-005 0.232893 6.18915e-005 4.55629e-006 3.57549e-005 1.5502e-005 0.00329365 7.05382e-005 0.000161717 0.000442869 0.000230557 0.000678822 0.1697 0.000148354 0.000356714 0.00117798 0.0509716 0.000693618 0.00375797 4.75293e-006 0.0024196 ;
0.129276 0.000408625 0.00539152 0.000197301 0.000227322 0.00698567 0 0.000114438 0.000153231 3.9672e-005 1.21667e-005 0.0155623 0.00016587 0.0908752 0.000530151 0.000425722 0.00634815 0.000138702 2.49533e-005 3.78652e-005 3.56824 6.9104e-005 1.59986e-005 6.06867e-005 7.18332e-005 0.061228 0.000390177 0.000159912 4.25324e-005 0.00141397 0.00440449 3.86243e-005 5.61676e-005 1.04086e-005 0.000196332 0.000401022 1.5762e-005 0.115479 0.00309427 0.158351 0.00011641 0.00248017 0.00238585 0.000110134 0.0244044 0.0118058 6.82344e-005 0.0168964 1.06617e-005 0.00309434 ;
0.0207233 0.00758071 0.00457241 0.0156644 0.000171334 0.136026 0.00177121 0 0.001344 0.140753 0.0587413 0.00489658 0.0413342 0.000141121 0.000389315 1.62871 0.000414211 0.039723 0.000377303 0.0177751 0.00915626 0.000627221 0.00436647 4.30794e-005 0.365391 0.0191144 22.7501 0.000196115 16.8476 0.000262395 0.02008 0.00181003 1.54973e-005 0.000225854 6.71599e-005 1.39611 0.00551031 0.000239515 0.000333892 0.000302674 0.734076 0.00826327 0.000419486 0.0722738 0.000767932 0.0802393 0.480157 0.00151079 5.33575e-005 0.00698146 ;
0.184657 0.18066 0.295238 0.0032164 0.000177742 23.6052 0.0118774 0.0119583 0 0.00185366 0.0005319 0.0864595 0.0810794 0.000668875 0.000424814 0.0352999 0.00229462 0.00363481 0.000127544 0.000642923 0.0561612 0.000359218 0.000358293 4.65102e-005 0.0067105 0.118119 0.0163337 0.00028536 0.00198645 0.000522991 1.58611 0.000369513 2.62816e-005 0.000199526 9.02647e-005 0.0197415 0.000403367 0.000937931 0.00267548 0.0013619 0.00402703 1.14619 0.000882927 0.0020754 0.00674128 0.320594 0.00415208 0.0224488 2.80793e-005 0.0136006 ;
0.0364301 0.0240652 0.00734669 0.0578088 0.000173745 0.140675 0.00226601 0.566929 0.00246215 0 0.417069 0.0085528 0.119227 0.000163173 0.000368167 911.424 0.000688031 0.259 0.000225018 0.00491265 0.0130128 0.00036394 0.0181248 4.20093e-005 0.0346427 0.0179622 1.68048 0.000359604 0.153864 0.00024814 0.0206075 0.000776027 2.25032e-005 0.000986972 8.18415e-005 0.105244 0.0301085 0.000326913 0.000349213 0.000347352 0.043247 0.00937184 0.000395234 0.0498003 0.00118742 0.053991 0.0266258 0.00182541 4.14367e-005 0.0163826 ;
0.0425299 0.0219259 0.00843355 0.0730675 0.00024879 0.171667 0.00287913 1.16501 0.0026219 19.5352 0 0.00982659 0.104005 0.000213866 0.000531398 159.358 0.00082759 0.336278 0.000368714 0.0103736 0.0162001 0.000576027 0.0272924 6.03888e-005 0.0657361 0.024197 8.43455 0.000447942 0.693583 0.000347875 0.0258859 0.00134792 2.93538e-005 0.000971688 0.000111946 0.220409 0.0440817 0.000416918 0.000458899 0.000456698 0.105061 0.0115108 0.000553112 0.113535 0.00143368 0.0766249 0.0564131 0.00229947 6.41515e-005 0.0187587 ;
2.35199 0.0161488 11.7393 0.0014709 0.000256767 0.261173 0.152456 0.00150331 0.0130457 0.000414988 0.000122652 0 0.00369841 0.00394034 0.000602478 0.00551383 0.0178363 0.00122341 8.47647e-005 0.00023547 0.698061 0.000242921 0.000129528 6.71423e-005 0.000879972 0.268074 0.00369475 0.000457082 0.000416728 0.00101544 0.209938 0.000181241 5.74799e-005 0.000105921 0.000166541 0.00386994 0.000135371 0.00550568 0.0123744 0.00743758 0.000981294 0.185785 0.00174565 0.00075318 0.163257 0.125779 0.000714886 0.503822 2.51043e-005 0.0189239 ;
0.000605019 0.00112854 0.00022983 9.78768e-005 1.59813e-006 0.013724 3.89e-005 0.00356976 0.00018169 0.000180287 4.82289e-005 0.000180979 0 2.62471e-006 3.65386e-006 0.00813037 9.7069e-006 0.000170616 1.80354e-006 1.98714e-005 0.000204156 4.02925e-006 1.52588e-005 4.05291e-007 0.000668919 0.000380854 0.00134701 2.71815e-006 0.000179293 3.24504e-006 0.00100625 6.36382e-006 2.05851e-007 4.06887e-006 7.48453e-007 0.0010128 1.9169e-005 4.40843e-006 7.39889e-006 5.50431e-006 0.00019986 0.000448486 5.31096e-006 8.12604e-005 2.04453e-005 0.00148965 0.000276978 4.27522e-005 3.3524e-007 0.000129283 ;
7.26728 0.0415891 0.974766 0.0128306 0.00875834 1.09191 152.184 0.0109444 0.0211046 0.00322886 0.000987951 1.60827 0.0174516 0 0.023111 0.0374208 0.177952 0.00997585 0.00177629 0.00298664 34.7981 0.00587376 0.00112889 0.00248165 0.00735303 22.0599 0.0328404 0.00579938 0.00367775 0.076692 0.938096 0.00316023 0.00132387 0.000673288 0.00523969 0.038974 0.00113725 0.34532 2.89563 4.6111 0.0103546 0.553362 0.140614 0.00807582 1.23988 2.00329 0.00669771 27.8424 0.000624178 0.14509 ;
